{
 "cells": [
  {
   "cell_type": "markdown",
   "id": "589a90d7-253e-4743-8319-65e1ccdf2003",
   "metadata": {},
   "source": [
    "Que2.-\n",
    "\n",
    "The model's main purpose is to predict the 10-year risk of Coronary Heart Disease (CHD). CHD is a disease of the blood vessels supplying the heart. Heart disease has been the leading cause of death worldwide since 1921. In 2008, 7.3 million people died from CHD. \n",
    "The classification goal is to predict whether the patient has 10-year risk of future coronary heart disease (CHD).The dataset provides the patients’ information. It includes over 4,000 records and 15 attributes.\n",
    "Variables\n",
    "Sex: male or female(0=female, 1=male)\n",
    "Age: Age of the patient\n",
    "education: Some high school (1), high school/GED (2), some college/vocational school (3), college (4)\n",
    "Current Smoker: whether or not the patient is a current smoker (0=No, 1=Yes)\n",
    "Cigs Per Day: the number of cigarettes that the person smoked on average in one day\n",
    "BP Meds: whether or not the patient was on blood pressure medication \n",
    "Prevalent Stroke: whether or not the patient had previously had a stroke (0=No, 1=Yes)\n",
    "Prevalent Hyp: whether or not the patient was hypertensive (0=No, 1=Yes)\n",
    "Diabetes: whether or not the patient had diabetes (0=No, 1=Yes)\n",
    "Tot Chol: total cholesterol level\n",
    "Sys BP: systolic blood pressure \n",
    "Dia BP: diastolic blood pressure\n",
    "BMI: Body Mass Index\n",
    "Heart Rate: heart rate\n",
    "Glucose: glucose level\n",
    "\n",
    "Prepare model by using logistic regression KNN, SVM and Naive Bayes.\n",
    "\n",
    "Also calculate Accuracy by confusion matrix, Calculate accuracy score, precision score, recall score, f1 score.\n",
    "\n",
    "Datasets : framingham.csv\n"
   ]
  },
  {
   "cell_type": "code",
   "execution_count": 1,
   "id": "cad5dfa2-519f-44c1-95c3-19d55c9dd68d",
   "metadata": {},
   "outputs": [],
   "source": [
    "import warnings \n",
    "warnings.filterwarnings('ignore')"
   ]
  },
  {
   "cell_type": "code",
   "execution_count": 2,
   "id": "11897a1d-f549-40e9-8c81-967d239115bf",
   "metadata": {},
   "outputs": [],
   "source": [
    "import pandas as pd\n",
    "import numpy as np\n",
    "import seaborn as sns\n",
    "import matplotlib.pyplot as plt"
   ]
  },
  {
   "cell_type": "code",
   "execution_count": null,
   "id": "42f4feaf-5bc4-49be-8c76-b1226031af46",
   "metadata": {},
   "outputs": [],
   "source": [
    "df= pd.read_csv(\"framingham.csv\")"
   ]
  },
  {
   "cell_type": "code",
   "execution_count": 4,
   "id": "933b59cd-4f71-4eb5-ab0c-4e57938dfcda",
   "metadata": {},
   "outputs": [
    {
     "data": {
      "text/html": [
       "<div>\n",
       "<style scoped>\n",
       "    .dataframe tbody tr th:only-of-type {\n",
       "        vertical-align: middle;\n",
       "    }\n",
       "\n",
       "    .dataframe tbody tr th {\n",
       "        vertical-align: top;\n",
       "    }\n",
       "\n",
       "    .dataframe thead th {\n",
       "        text-align: right;\n",
       "    }\n",
       "</style>\n",
       "<table border=\"1\" class=\"dataframe\">\n",
       "  <thead>\n",
       "    <tr style=\"text-align: right;\">\n",
       "      <th></th>\n",
       "      <th>male</th>\n",
       "      <th>age</th>\n",
       "      <th>education</th>\n",
       "      <th>currentSmoker</th>\n",
       "      <th>cigsPerDay</th>\n",
       "      <th>BPMeds</th>\n",
       "      <th>prevalentStroke</th>\n",
       "      <th>prevalentHyp</th>\n",
       "      <th>diabetes</th>\n",
       "      <th>totChol</th>\n",
       "      <th>sysBP</th>\n",
       "      <th>diaBP</th>\n",
       "      <th>BMI</th>\n",
       "      <th>heartRate</th>\n",
       "      <th>glucose</th>\n",
       "      <th>TenYearCHD</th>\n",
       "    </tr>\n",
       "  </thead>\n",
       "  <tbody>\n",
       "    <tr>\n",
       "      <th>0</th>\n",
       "      <td>1</td>\n",
       "      <td>39</td>\n",
       "      <td>4.0</td>\n",
       "      <td>0</td>\n",
       "      <td>0.0</td>\n",
       "      <td>0.0</td>\n",
       "      <td>0</td>\n",
       "      <td>0</td>\n",
       "      <td>0</td>\n",
       "      <td>195.0</td>\n",
       "      <td>106.0</td>\n",
       "      <td>70.0</td>\n",
       "      <td>26.97</td>\n",
       "      <td>80.0</td>\n",
       "      <td>77.0</td>\n",
       "      <td>0</td>\n",
       "    </tr>\n",
       "    <tr>\n",
       "      <th>1</th>\n",
       "      <td>0</td>\n",
       "      <td>46</td>\n",
       "      <td>2.0</td>\n",
       "      <td>0</td>\n",
       "      <td>0.0</td>\n",
       "      <td>0.0</td>\n",
       "      <td>0</td>\n",
       "      <td>0</td>\n",
       "      <td>0</td>\n",
       "      <td>250.0</td>\n",
       "      <td>121.0</td>\n",
       "      <td>81.0</td>\n",
       "      <td>28.73</td>\n",
       "      <td>95.0</td>\n",
       "      <td>76.0</td>\n",
       "      <td>0</td>\n",
       "    </tr>\n",
       "    <tr>\n",
       "      <th>2</th>\n",
       "      <td>1</td>\n",
       "      <td>48</td>\n",
       "      <td>1.0</td>\n",
       "      <td>1</td>\n",
       "      <td>20.0</td>\n",
       "      <td>0.0</td>\n",
       "      <td>0</td>\n",
       "      <td>0</td>\n",
       "      <td>0</td>\n",
       "      <td>245.0</td>\n",
       "      <td>127.5</td>\n",
       "      <td>80.0</td>\n",
       "      <td>25.34</td>\n",
       "      <td>75.0</td>\n",
       "      <td>70.0</td>\n",
       "      <td>0</td>\n",
       "    </tr>\n",
       "    <tr>\n",
       "      <th>3</th>\n",
       "      <td>0</td>\n",
       "      <td>61</td>\n",
       "      <td>3.0</td>\n",
       "      <td>1</td>\n",
       "      <td>30.0</td>\n",
       "      <td>0.0</td>\n",
       "      <td>0</td>\n",
       "      <td>1</td>\n",
       "      <td>0</td>\n",
       "      <td>225.0</td>\n",
       "      <td>150.0</td>\n",
       "      <td>95.0</td>\n",
       "      <td>28.58</td>\n",
       "      <td>65.0</td>\n",
       "      <td>103.0</td>\n",
       "      <td>1</td>\n",
       "    </tr>\n",
       "    <tr>\n",
       "      <th>4</th>\n",
       "      <td>0</td>\n",
       "      <td>46</td>\n",
       "      <td>3.0</td>\n",
       "      <td>1</td>\n",
       "      <td>23.0</td>\n",
       "      <td>0.0</td>\n",
       "      <td>0</td>\n",
       "      <td>0</td>\n",
       "      <td>0</td>\n",
       "      <td>285.0</td>\n",
       "      <td>130.0</td>\n",
       "      <td>84.0</td>\n",
       "      <td>23.10</td>\n",
       "      <td>85.0</td>\n",
       "      <td>85.0</td>\n",
       "      <td>0</td>\n",
       "    </tr>\n",
       "  </tbody>\n",
       "</table>\n",
       "</div>"
      ],
      "text/plain": [
       "   male  age  education  currentSmoker  cigsPerDay  BPMeds  prevalentStroke  \\\n",
       "0     1   39        4.0              0         0.0     0.0                0   \n",
       "1     0   46        2.0              0         0.0     0.0                0   \n",
       "2     1   48        1.0              1        20.0     0.0                0   \n",
       "3     0   61        3.0              1        30.0     0.0                0   \n",
       "4     0   46        3.0              1        23.0     0.0                0   \n",
       "\n",
       "   prevalentHyp  diabetes  totChol  sysBP  diaBP    BMI  heartRate  glucose  \\\n",
       "0             0         0    195.0  106.0   70.0  26.97       80.0     77.0   \n",
       "1             0         0    250.0  121.0   81.0  28.73       95.0     76.0   \n",
       "2             0         0    245.0  127.5   80.0  25.34       75.0     70.0   \n",
       "3             1         0    225.0  150.0   95.0  28.58       65.0    103.0   \n",
       "4             0         0    285.0  130.0   84.0  23.10       85.0     85.0   \n",
       "\n",
       "   TenYearCHD  \n",
       "0           0  \n",
       "1           0  \n",
       "2           0  \n",
       "3           1  \n",
       "4           0  "
      ]
     },
     "execution_count": 4,
     "metadata": {},
     "output_type": "execute_result"
    }
   ],
   "source": [
    "df.head()"
   ]
  },
  {
   "cell_type": "markdown",
   "id": "d77b5b5a-e448-4bd3-8304-0f72a62f08e8",
   "metadata": {},
   "source": [
    "# EDA"
   ]
  },
  {
   "cell_type": "code",
   "execution_count": 5,
   "id": "cb188ae0-2918-4f0e-93be-773438eb3152",
   "metadata": {},
   "outputs": [
    {
     "name": "stdout",
     "output_type": "stream",
     "text": [
      "<class 'pandas.core.frame.DataFrame'>\n",
      "RangeIndex: 4240 entries, 0 to 4239\n",
      "Data columns (total 16 columns):\n",
      " #   Column           Non-Null Count  Dtype  \n",
      "---  ------           --------------  -----  \n",
      " 0   male             4240 non-null   int64  \n",
      " 1   age              4240 non-null   int64  \n",
      " 2   education        4135 non-null   float64\n",
      " 3   currentSmoker    4240 non-null   int64  \n",
      " 4   cigsPerDay       4211 non-null   float64\n",
      " 5   BPMeds           4187 non-null   float64\n",
      " 6   prevalentStroke  4240 non-null   int64  \n",
      " 7   prevalentHyp     4240 non-null   int64  \n",
      " 8   diabetes         4240 non-null   int64  \n",
      " 9   totChol          4190 non-null   float64\n",
      " 10  sysBP            4240 non-null   float64\n",
      " 11  diaBP            4240 non-null   float64\n",
      " 12  BMI              4221 non-null   float64\n",
      " 13  heartRate        4239 non-null   float64\n",
      " 14  glucose          3852 non-null   float64\n",
      " 15  TenYearCHD       4240 non-null   int64  \n",
      "dtypes: float64(9), int64(7)\n",
      "memory usage: 530.1 KB\n"
     ]
    }
   ],
   "source": [
    "df.info()"
   ]
  },
  {
   "cell_type": "code",
   "execution_count": 6,
   "id": "1889b416-5a3b-40dc-9a4a-804aaaa20079",
   "metadata": {},
   "outputs": [
    {
     "data": {
      "text/html": [
       "<div>\n",
       "<style scoped>\n",
       "    .dataframe tbody tr th:only-of-type {\n",
       "        vertical-align: middle;\n",
       "    }\n",
       "\n",
       "    .dataframe tbody tr th {\n",
       "        vertical-align: top;\n",
       "    }\n",
       "\n",
       "    .dataframe thead th {\n",
       "        text-align: right;\n",
       "    }\n",
       "</style>\n",
       "<table border=\"1\" class=\"dataframe\">\n",
       "  <thead>\n",
       "    <tr style=\"text-align: right;\">\n",
       "      <th></th>\n",
       "      <th>male</th>\n",
       "      <th>age</th>\n",
       "      <th>education</th>\n",
       "      <th>currentSmoker</th>\n",
       "      <th>cigsPerDay</th>\n",
       "      <th>BPMeds</th>\n",
       "      <th>prevalentStroke</th>\n",
       "      <th>prevalentHyp</th>\n",
       "      <th>diabetes</th>\n",
       "      <th>totChol</th>\n",
       "      <th>sysBP</th>\n",
       "      <th>diaBP</th>\n",
       "      <th>BMI</th>\n",
       "      <th>heartRate</th>\n",
       "      <th>glucose</th>\n",
       "      <th>TenYearCHD</th>\n",
       "    </tr>\n",
       "  </thead>\n",
       "  <tbody>\n",
       "    <tr>\n",
       "      <th>count</th>\n",
       "      <td>4240.000000</td>\n",
       "      <td>4240.000000</td>\n",
       "      <td>4135.000000</td>\n",
       "      <td>4240.000000</td>\n",
       "      <td>4211.000000</td>\n",
       "      <td>4187.000000</td>\n",
       "      <td>4240.000000</td>\n",
       "      <td>4240.000000</td>\n",
       "      <td>4240.000000</td>\n",
       "      <td>4190.000000</td>\n",
       "      <td>4240.000000</td>\n",
       "      <td>4240.000000</td>\n",
       "      <td>4221.000000</td>\n",
       "      <td>4239.000000</td>\n",
       "      <td>3852.000000</td>\n",
       "      <td>4240.000000</td>\n",
       "    </tr>\n",
       "    <tr>\n",
       "      <th>mean</th>\n",
       "      <td>0.429245</td>\n",
       "      <td>49.580189</td>\n",
       "      <td>1.979444</td>\n",
       "      <td>0.494104</td>\n",
       "      <td>9.005937</td>\n",
       "      <td>0.029615</td>\n",
       "      <td>0.005896</td>\n",
       "      <td>0.310613</td>\n",
       "      <td>0.025708</td>\n",
       "      <td>236.699523</td>\n",
       "      <td>132.354599</td>\n",
       "      <td>82.897759</td>\n",
       "      <td>25.800801</td>\n",
       "      <td>75.878981</td>\n",
       "      <td>81.963655</td>\n",
       "      <td>0.151887</td>\n",
       "    </tr>\n",
       "    <tr>\n",
       "      <th>std</th>\n",
       "      <td>0.495027</td>\n",
       "      <td>8.572942</td>\n",
       "      <td>1.019791</td>\n",
       "      <td>0.500024</td>\n",
       "      <td>11.922462</td>\n",
       "      <td>0.169544</td>\n",
       "      <td>0.076569</td>\n",
       "      <td>0.462799</td>\n",
       "      <td>0.158280</td>\n",
       "      <td>44.591284</td>\n",
       "      <td>22.033300</td>\n",
       "      <td>11.910394</td>\n",
       "      <td>4.079840</td>\n",
       "      <td>12.025348</td>\n",
       "      <td>23.954335</td>\n",
       "      <td>0.358953</td>\n",
       "    </tr>\n",
       "    <tr>\n",
       "      <th>min</th>\n",
       "      <td>0.000000</td>\n",
       "      <td>32.000000</td>\n",
       "      <td>1.000000</td>\n",
       "      <td>0.000000</td>\n",
       "      <td>0.000000</td>\n",
       "      <td>0.000000</td>\n",
       "      <td>0.000000</td>\n",
       "      <td>0.000000</td>\n",
       "      <td>0.000000</td>\n",
       "      <td>107.000000</td>\n",
       "      <td>83.500000</td>\n",
       "      <td>48.000000</td>\n",
       "      <td>15.540000</td>\n",
       "      <td>44.000000</td>\n",
       "      <td>40.000000</td>\n",
       "      <td>0.000000</td>\n",
       "    </tr>\n",
       "    <tr>\n",
       "      <th>25%</th>\n",
       "      <td>0.000000</td>\n",
       "      <td>42.000000</td>\n",
       "      <td>1.000000</td>\n",
       "      <td>0.000000</td>\n",
       "      <td>0.000000</td>\n",
       "      <td>0.000000</td>\n",
       "      <td>0.000000</td>\n",
       "      <td>0.000000</td>\n",
       "      <td>0.000000</td>\n",
       "      <td>206.000000</td>\n",
       "      <td>117.000000</td>\n",
       "      <td>75.000000</td>\n",
       "      <td>23.070000</td>\n",
       "      <td>68.000000</td>\n",
       "      <td>71.000000</td>\n",
       "      <td>0.000000</td>\n",
       "    </tr>\n",
       "    <tr>\n",
       "      <th>50%</th>\n",
       "      <td>0.000000</td>\n",
       "      <td>49.000000</td>\n",
       "      <td>2.000000</td>\n",
       "      <td>0.000000</td>\n",
       "      <td>0.000000</td>\n",
       "      <td>0.000000</td>\n",
       "      <td>0.000000</td>\n",
       "      <td>0.000000</td>\n",
       "      <td>0.000000</td>\n",
       "      <td>234.000000</td>\n",
       "      <td>128.000000</td>\n",
       "      <td>82.000000</td>\n",
       "      <td>25.400000</td>\n",
       "      <td>75.000000</td>\n",
       "      <td>78.000000</td>\n",
       "      <td>0.000000</td>\n",
       "    </tr>\n",
       "    <tr>\n",
       "      <th>75%</th>\n",
       "      <td>1.000000</td>\n",
       "      <td>56.000000</td>\n",
       "      <td>3.000000</td>\n",
       "      <td>1.000000</td>\n",
       "      <td>20.000000</td>\n",
       "      <td>0.000000</td>\n",
       "      <td>0.000000</td>\n",
       "      <td>1.000000</td>\n",
       "      <td>0.000000</td>\n",
       "      <td>263.000000</td>\n",
       "      <td>144.000000</td>\n",
       "      <td>90.000000</td>\n",
       "      <td>28.040000</td>\n",
       "      <td>83.000000</td>\n",
       "      <td>87.000000</td>\n",
       "      <td>0.000000</td>\n",
       "    </tr>\n",
       "    <tr>\n",
       "      <th>max</th>\n",
       "      <td>1.000000</td>\n",
       "      <td>70.000000</td>\n",
       "      <td>4.000000</td>\n",
       "      <td>1.000000</td>\n",
       "      <td>70.000000</td>\n",
       "      <td>1.000000</td>\n",
       "      <td>1.000000</td>\n",
       "      <td>1.000000</td>\n",
       "      <td>1.000000</td>\n",
       "      <td>696.000000</td>\n",
       "      <td>295.000000</td>\n",
       "      <td>142.500000</td>\n",
       "      <td>56.800000</td>\n",
       "      <td>143.000000</td>\n",
       "      <td>394.000000</td>\n",
       "      <td>1.000000</td>\n",
       "    </tr>\n",
       "  </tbody>\n",
       "</table>\n",
       "</div>"
      ],
      "text/plain": [
       "              male          age    education  currentSmoker   cigsPerDay  \\\n",
       "count  4240.000000  4240.000000  4135.000000    4240.000000  4211.000000   \n",
       "mean      0.429245    49.580189     1.979444       0.494104     9.005937   \n",
       "std       0.495027     8.572942     1.019791       0.500024    11.922462   \n",
       "min       0.000000    32.000000     1.000000       0.000000     0.000000   \n",
       "25%       0.000000    42.000000     1.000000       0.000000     0.000000   \n",
       "50%       0.000000    49.000000     2.000000       0.000000     0.000000   \n",
       "75%       1.000000    56.000000     3.000000       1.000000    20.000000   \n",
       "max       1.000000    70.000000     4.000000       1.000000    70.000000   \n",
       "\n",
       "            BPMeds  prevalentStroke  prevalentHyp     diabetes      totChol  \\\n",
       "count  4187.000000      4240.000000   4240.000000  4240.000000  4190.000000   \n",
       "mean      0.029615         0.005896      0.310613     0.025708   236.699523   \n",
       "std       0.169544         0.076569      0.462799     0.158280    44.591284   \n",
       "min       0.000000         0.000000      0.000000     0.000000   107.000000   \n",
       "25%       0.000000         0.000000      0.000000     0.000000   206.000000   \n",
       "50%       0.000000         0.000000      0.000000     0.000000   234.000000   \n",
       "75%       0.000000         0.000000      1.000000     0.000000   263.000000   \n",
       "max       1.000000         1.000000      1.000000     1.000000   696.000000   \n",
       "\n",
       "             sysBP        diaBP          BMI    heartRate      glucose  \\\n",
       "count  4240.000000  4240.000000  4221.000000  4239.000000  3852.000000   \n",
       "mean    132.354599    82.897759    25.800801    75.878981    81.963655   \n",
       "std      22.033300    11.910394     4.079840    12.025348    23.954335   \n",
       "min      83.500000    48.000000    15.540000    44.000000    40.000000   \n",
       "25%     117.000000    75.000000    23.070000    68.000000    71.000000   \n",
       "50%     128.000000    82.000000    25.400000    75.000000    78.000000   \n",
       "75%     144.000000    90.000000    28.040000    83.000000    87.000000   \n",
       "max     295.000000   142.500000    56.800000   143.000000   394.000000   \n",
       "\n",
       "        TenYearCHD  \n",
       "count  4240.000000  \n",
       "mean      0.151887  \n",
       "std       0.358953  \n",
       "min       0.000000  \n",
       "25%       0.000000  \n",
       "50%       0.000000  \n",
       "75%       0.000000  \n",
       "max       1.000000  "
      ]
     },
     "execution_count": 6,
     "metadata": {},
     "output_type": "execute_result"
    }
   ],
   "source": [
    "df.describe()"
   ]
  },
  {
   "cell_type": "code",
   "execution_count": 7,
   "id": "3301497f-7144-4c49-9ed0-5c79b9746658",
   "metadata": {},
   "outputs": [
    {
     "data": {
      "text/plain": [
       "male                 0\n",
       "age                  0\n",
       "education          105\n",
       "currentSmoker        0\n",
       "cigsPerDay          29\n",
       "BPMeds              53\n",
       "prevalentStroke      0\n",
       "prevalentHyp         0\n",
       "diabetes             0\n",
       "totChol             50\n",
       "sysBP                0\n",
       "diaBP                0\n",
       "BMI                 19\n",
       "heartRate            1\n",
       "glucose            388\n",
       "TenYearCHD           0\n",
       "dtype: int64"
      ]
     },
     "execution_count": 7,
     "metadata": {},
     "output_type": "execute_result"
    }
   ],
   "source": [
    "df.isna().sum()"
   ]
  },
  {
   "cell_type": "code",
   "execution_count": 8,
   "id": "69148aeb-8d8c-44c1-bafd-8e4c9b7bf6e5",
   "metadata": {},
   "outputs": [],
   "source": [
    "df['education'] = df['education'].fillna(df['education'].mode())\n",
    "df['cigsPerDay'] = df['cigsPerDay'].fillna(df['cigsPerDay'].mean())\n",
    "df['BPMeds'] = df['BPMeds'].fillna(df['BPMeds'].mode())\n",
    "df['totChol'] = df['totChol'].fillna(df['totChol'].mean())\n",
    "df['BMI'] = df['BMI'].fillna(df['BMI'].mean())\n",
    "df['heartRate'] = df['heartRate'].fillna(df['heartRate'].mean())\n",
    "df['glucose'] = df['glucose'].fillna(df['glucose'].mean())"
   ]
  },
  {
   "cell_type": "code",
   "execution_count": 9,
   "id": "9f679c51-89f0-4d35-a563-4dd8b47719c7",
   "metadata": {},
   "outputs": [
    {
     "data": {
      "text/html": [
       "<div>\n",
       "<style scoped>\n",
       "    .dataframe tbody tr th:only-of-type {\n",
       "        vertical-align: middle;\n",
       "    }\n",
       "\n",
       "    .dataframe tbody tr th {\n",
       "        vertical-align: top;\n",
       "    }\n",
       "\n",
       "    .dataframe thead th {\n",
       "        text-align: right;\n",
       "    }\n",
       "</style>\n",
       "<table border=\"1\" class=\"dataframe\">\n",
       "  <thead>\n",
       "    <tr style=\"text-align: right;\">\n",
       "      <th></th>\n",
       "      <th>male</th>\n",
       "      <th>age</th>\n",
       "      <th>education</th>\n",
       "      <th>currentSmoker</th>\n",
       "      <th>cigsPerDay</th>\n",
       "      <th>BPMeds</th>\n",
       "      <th>prevalentStroke</th>\n",
       "      <th>prevalentHyp</th>\n",
       "      <th>diabetes</th>\n",
       "      <th>totChol</th>\n",
       "      <th>sysBP</th>\n",
       "      <th>diaBP</th>\n",
       "      <th>BMI</th>\n",
       "      <th>heartRate</th>\n",
       "      <th>glucose</th>\n",
       "      <th>TenYearCHD</th>\n",
       "    </tr>\n",
       "  </thead>\n",
       "  <tbody>\n",
       "    <tr>\n",
       "      <th>male</th>\n",
       "      <td>1.000000</td>\n",
       "      <td>-0.029014</td>\n",
       "      <td>0.017415</td>\n",
       "      <td>0.197026</td>\n",
       "      <td>0.316023</td>\n",
       "      <td>-0.052504</td>\n",
       "      <td>-0.004550</td>\n",
       "      <td>0.005853</td>\n",
       "      <td>0.015693</td>\n",
       "      <td>-0.070064</td>\n",
       "      <td>-0.035879</td>\n",
       "      <td>0.058199</td>\n",
       "      <td>0.081705</td>\n",
       "      <td>-0.116913</td>\n",
       "      <td>0.005718</td>\n",
       "      <td>0.088374</td>\n",
       "    </tr>\n",
       "    <tr>\n",
       "      <th>age</th>\n",
       "      <td>-0.029014</td>\n",
       "      <td>1.000000</td>\n",
       "      <td>-0.166356</td>\n",
       "      <td>-0.213662</td>\n",
       "      <td>-0.192534</td>\n",
       "      <td>0.123052</td>\n",
       "      <td>0.057679</td>\n",
       "      <td>0.306799</td>\n",
       "      <td>0.101314</td>\n",
       "      <td>0.260691</td>\n",
       "      <td>0.394053</td>\n",
       "      <td>0.205586</td>\n",
       "      <td>0.135578</td>\n",
       "      <td>-0.012839</td>\n",
       "      <td>0.116951</td>\n",
       "      <td>0.225408</td>\n",
       "    </tr>\n",
       "    <tr>\n",
       "      <th>education</th>\n",
       "      <td>0.017415</td>\n",
       "      <td>-0.166356</td>\n",
       "      <td>1.000000</td>\n",
       "      <td>0.018528</td>\n",
       "      <td>0.008296</td>\n",
       "      <td>-0.010898</td>\n",
       "      <td>-0.035142</td>\n",
       "      <td>-0.081726</td>\n",
       "      <td>-0.038749</td>\n",
       "      <td>-0.023504</td>\n",
       "      <td>-0.129496</td>\n",
       "      <td>-0.061919</td>\n",
       "      <td>-0.137476</td>\n",
       "      <td>-0.054176</td>\n",
       "      <td>-0.034228</td>\n",
       "      <td>-0.054248</td>\n",
       "    </tr>\n",
       "    <tr>\n",
       "      <th>currentSmoker</th>\n",
       "      <td>0.197026</td>\n",
       "      <td>-0.213662</td>\n",
       "      <td>0.018528</td>\n",
       "      <td>1.000000</td>\n",
       "      <td>0.767055</td>\n",
       "      <td>-0.048927</td>\n",
       "      <td>-0.032980</td>\n",
       "      <td>-0.103710</td>\n",
       "      <td>-0.044285</td>\n",
       "      <td>-0.046211</td>\n",
       "      <td>-0.130281</td>\n",
       "      <td>-0.107933</td>\n",
       "      <td>-0.167483</td>\n",
       "      <td>0.062678</td>\n",
       "      <td>-0.054062</td>\n",
       "      <td>0.019448</td>\n",
       "    </tr>\n",
       "    <tr>\n",
       "      <th>cigsPerDay</th>\n",
       "      <td>0.316023</td>\n",
       "      <td>-0.192534</td>\n",
       "      <td>0.008296</td>\n",
       "      <td>0.767055</td>\n",
       "      <td>1.000000</td>\n",
       "      <td>-0.046149</td>\n",
       "      <td>-0.032711</td>\n",
       "      <td>-0.066444</td>\n",
       "      <td>-0.037086</td>\n",
       "      <td>-0.026182</td>\n",
       "      <td>-0.088523</td>\n",
       "      <td>-0.056473</td>\n",
       "      <td>-0.092888</td>\n",
       "      <td>0.075257</td>\n",
       "      <td>-0.056020</td>\n",
       "      <td>0.057646</td>\n",
       "    </tr>\n",
       "    <tr>\n",
       "      <th>BPMeds</th>\n",
       "      <td>-0.052504</td>\n",
       "      <td>0.123052</td>\n",
       "      <td>-0.010898</td>\n",
       "      <td>-0.048927</td>\n",
       "      <td>-0.046149</td>\n",
       "      <td>1.000000</td>\n",
       "      <td>0.117370</td>\n",
       "      <td>0.261067</td>\n",
       "      <td>0.052060</td>\n",
       "      <td>0.079660</td>\n",
       "      <td>0.254194</td>\n",
       "      <td>0.194122</td>\n",
       "      <td>0.100300</td>\n",
       "      <td>0.015230</td>\n",
       "      <td>0.049079</td>\n",
       "      <td>0.087519</td>\n",
       "    </tr>\n",
       "    <tr>\n",
       "      <th>prevalentStroke</th>\n",
       "      <td>-0.004550</td>\n",
       "      <td>0.057679</td>\n",
       "      <td>-0.035142</td>\n",
       "      <td>-0.032980</td>\n",
       "      <td>-0.032711</td>\n",
       "      <td>0.117370</td>\n",
       "      <td>1.000000</td>\n",
       "      <td>0.074791</td>\n",
       "      <td>0.006955</td>\n",
       "      <td>0.000105</td>\n",
       "      <td>0.057000</td>\n",
       "      <td>0.045153</td>\n",
       "      <td>0.024856</td>\n",
       "      <td>-0.017674</td>\n",
       "      <td>0.018065</td>\n",
       "      <td>0.061823</td>\n",
       "    </tr>\n",
       "    <tr>\n",
       "      <th>prevalentHyp</th>\n",
       "      <td>0.005853</td>\n",
       "      <td>0.306799</td>\n",
       "      <td>-0.081726</td>\n",
       "      <td>-0.103710</td>\n",
       "      <td>-0.066444</td>\n",
       "      <td>0.261067</td>\n",
       "      <td>0.074791</td>\n",
       "      <td>1.000000</td>\n",
       "      <td>0.077752</td>\n",
       "      <td>0.162683</td>\n",
       "      <td>0.696656</td>\n",
       "      <td>0.615840</td>\n",
       "      <td>0.300599</td>\n",
       "      <td>0.146777</td>\n",
       "      <td>0.082757</td>\n",
       "      <td>0.177458</td>\n",
       "    </tr>\n",
       "    <tr>\n",
       "      <th>diabetes</th>\n",
       "      <td>0.015693</td>\n",
       "      <td>0.101314</td>\n",
       "      <td>-0.038749</td>\n",
       "      <td>-0.044285</td>\n",
       "      <td>-0.037086</td>\n",
       "      <td>0.052060</td>\n",
       "      <td>0.006955</td>\n",
       "      <td>0.077752</td>\n",
       "      <td>1.000000</td>\n",
       "      <td>0.040161</td>\n",
       "      <td>0.111265</td>\n",
       "      <td>0.050260</td>\n",
       "      <td>0.086282</td>\n",
       "      <td>0.048986</td>\n",
       "      <td>0.605709</td>\n",
       "      <td>0.097344</td>\n",
       "    </tr>\n",
       "    <tr>\n",
       "      <th>totChol</th>\n",
       "      <td>-0.070064</td>\n",
       "      <td>0.260691</td>\n",
       "      <td>-0.023504</td>\n",
       "      <td>-0.046211</td>\n",
       "      <td>-0.026182</td>\n",
       "      <td>0.079660</td>\n",
       "      <td>0.000105</td>\n",
       "      <td>0.162683</td>\n",
       "      <td>0.040161</td>\n",
       "      <td>1.000000</td>\n",
       "      <td>0.207436</td>\n",
       "      <td>0.163423</td>\n",
       "      <td>0.115013</td>\n",
       "      <td>0.090678</td>\n",
       "      <td>0.044710</td>\n",
       "      <td>0.081807</td>\n",
       "    </tr>\n",
       "    <tr>\n",
       "      <th>sysBP</th>\n",
       "      <td>-0.035879</td>\n",
       "      <td>0.394053</td>\n",
       "      <td>-0.129496</td>\n",
       "      <td>-0.130281</td>\n",
       "      <td>-0.088523</td>\n",
       "      <td>0.254194</td>\n",
       "      <td>0.057000</td>\n",
       "      <td>0.696656</td>\n",
       "      <td>0.111265</td>\n",
       "      <td>0.207436</td>\n",
       "      <td>1.000000</td>\n",
       "      <td>0.783952</td>\n",
       "      <td>0.325172</td>\n",
       "      <td>0.182084</td>\n",
       "      <td>0.134561</td>\n",
       "      <td>0.216374</td>\n",
       "    </tr>\n",
       "    <tr>\n",
       "      <th>diaBP</th>\n",
       "      <td>0.058199</td>\n",
       "      <td>0.205586</td>\n",
       "      <td>-0.061919</td>\n",
       "      <td>-0.107933</td>\n",
       "      <td>-0.056473</td>\n",
       "      <td>0.194122</td>\n",
       "      <td>0.045153</td>\n",
       "      <td>0.615840</td>\n",
       "      <td>0.050260</td>\n",
       "      <td>0.163423</td>\n",
       "      <td>0.783952</td>\n",
       "      <td>1.000000</td>\n",
       "      <td>0.376317</td>\n",
       "      <td>0.181012</td>\n",
       "      <td>0.058499</td>\n",
       "      <td>0.145112</td>\n",
       "    </tr>\n",
       "    <tr>\n",
       "      <th>BMI</th>\n",
       "      <td>0.081705</td>\n",
       "      <td>0.135578</td>\n",
       "      <td>-0.137476</td>\n",
       "      <td>-0.167483</td>\n",
       "      <td>-0.092888</td>\n",
       "      <td>0.100300</td>\n",
       "      <td>0.024856</td>\n",
       "      <td>0.300599</td>\n",
       "      <td>0.086282</td>\n",
       "      <td>0.115013</td>\n",
       "      <td>0.325172</td>\n",
       "      <td>0.376317</td>\n",
       "      <td>1.000000</td>\n",
       "      <td>0.067318</td>\n",
       "      <td>0.082123</td>\n",
       "      <td>0.074788</td>\n",
       "    </tr>\n",
       "    <tr>\n",
       "      <th>heartRate</th>\n",
       "      <td>-0.116913</td>\n",
       "      <td>-0.012839</td>\n",
       "      <td>-0.054176</td>\n",
       "      <td>0.062678</td>\n",
       "      <td>0.075257</td>\n",
       "      <td>0.015230</td>\n",
       "      <td>-0.017674</td>\n",
       "      <td>0.146777</td>\n",
       "      <td>0.048986</td>\n",
       "      <td>0.090678</td>\n",
       "      <td>0.182084</td>\n",
       "      <td>0.181012</td>\n",
       "      <td>0.067318</td>\n",
       "      <td>1.000000</td>\n",
       "      <td>0.089386</td>\n",
       "      <td>0.022892</td>\n",
       "    </tr>\n",
       "    <tr>\n",
       "      <th>glucose</th>\n",
       "      <td>0.005718</td>\n",
       "      <td>0.116951</td>\n",
       "      <td>-0.034228</td>\n",
       "      <td>-0.054062</td>\n",
       "      <td>-0.056020</td>\n",
       "      <td>0.049079</td>\n",
       "      <td>0.018065</td>\n",
       "      <td>0.082757</td>\n",
       "      <td>0.605709</td>\n",
       "      <td>0.044710</td>\n",
       "      <td>0.134561</td>\n",
       "      <td>0.058499</td>\n",
       "      <td>0.082123</td>\n",
       "      <td>0.089386</td>\n",
       "      <td>1.000000</td>\n",
       "      <td>0.120451</td>\n",
       "    </tr>\n",
       "    <tr>\n",
       "      <th>TenYearCHD</th>\n",
       "      <td>0.088374</td>\n",
       "      <td>0.225408</td>\n",
       "      <td>-0.054248</td>\n",
       "      <td>0.019448</td>\n",
       "      <td>0.057646</td>\n",
       "      <td>0.087519</td>\n",
       "      <td>0.061823</td>\n",
       "      <td>0.177458</td>\n",
       "      <td>0.097344</td>\n",
       "      <td>0.081807</td>\n",
       "      <td>0.216374</td>\n",
       "      <td>0.145112</td>\n",
       "      <td>0.074788</td>\n",
       "      <td>0.022892</td>\n",
       "      <td>0.120451</td>\n",
       "      <td>1.000000</td>\n",
       "    </tr>\n",
       "  </tbody>\n",
       "</table>\n",
       "</div>"
      ],
      "text/plain": [
       "                     male       age  education  currentSmoker  cigsPerDay  \\\n",
       "male             1.000000 -0.029014   0.017415       0.197026    0.316023   \n",
       "age             -0.029014  1.000000  -0.166356      -0.213662   -0.192534   \n",
       "education        0.017415 -0.166356   1.000000       0.018528    0.008296   \n",
       "currentSmoker    0.197026 -0.213662   0.018528       1.000000    0.767055   \n",
       "cigsPerDay       0.316023 -0.192534   0.008296       0.767055    1.000000   \n",
       "BPMeds          -0.052504  0.123052  -0.010898      -0.048927   -0.046149   \n",
       "prevalentStroke -0.004550  0.057679  -0.035142      -0.032980   -0.032711   \n",
       "prevalentHyp     0.005853  0.306799  -0.081726      -0.103710   -0.066444   \n",
       "diabetes         0.015693  0.101314  -0.038749      -0.044285   -0.037086   \n",
       "totChol         -0.070064  0.260691  -0.023504      -0.046211   -0.026182   \n",
       "sysBP           -0.035879  0.394053  -0.129496      -0.130281   -0.088523   \n",
       "diaBP            0.058199  0.205586  -0.061919      -0.107933   -0.056473   \n",
       "BMI              0.081705  0.135578  -0.137476      -0.167483   -0.092888   \n",
       "heartRate       -0.116913 -0.012839  -0.054176       0.062678    0.075257   \n",
       "glucose          0.005718  0.116951  -0.034228      -0.054062   -0.056020   \n",
       "TenYearCHD       0.088374  0.225408  -0.054248       0.019448    0.057646   \n",
       "\n",
       "                   BPMeds  prevalentStroke  prevalentHyp  diabetes   totChol  \\\n",
       "male            -0.052504        -0.004550      0.005853  0.015693 -0.070064   \n",
       "age              0.123052         0.057679      0.306799  0.101314  0.260691   \n",
       "education       -0.010898        -0.035142     -0.081726 -0.038749 -0.023504   \n",
       "currentSmoker   -0.048927        -0.032980     -0.103710 -0.044285 -0.046211   \n",
       "cigsPerDay      -0.046149        -0.032711     -0.066444 -0.037086 -0.026182   \n",
       "BPMeds           1.000000         0.117370      0.261067  0.052060  0.079660   \n",
       "prevalentStroke  0.117370         1.000000      0.074791  0.006955  0.000105   \n",
       "prevalentHyp     0.261067         0.074791      1.000000  0.077752  0.162683   \n",
       "diabetes         0.052060         0.006955      0.077752  1.000000  0.040161   \n",
       "totChol          0.079660         0.000105      0.162683  0.040161  1.000000   \n",
       "sysBP            0.254194         0.057000      0.696656  0.111265  0.207436   \n",
       "diaBP            0.194122         0.045153      0.615840  0.050260  0.163423   \n",
       "BMI              0.100300         0.024856      0.300599  0.086282  0.115013   \n",
       "heartRate        0.015230        -0.017674      0.146777  0.048986  0.090678   \n",
       "glucose          0.049079         0.018065      0.082757  0.605709  0.044710   \n",
       "TenYearCHD       0.087519         0.061823      0.177458  0.097344  0.081807   \n",
       "\n",
       "                    sysBP     diaBP       BMI  heartRate   glucose  TenYearCHD  \n",
       "male            -0.035879  0.058199  0.081705  -0.116913  0.005718    0.088374  \n",
       "age              0.394053  0.205586  0.135578  -0.012839  0.116951    0.225408  \n",
       "education       -0.129496 -0.061919 -0.137476  -0.054176 -0.034228   -0.054248  \n",
       "currentSmoker   -0.130281 -0.107933 -0.167483   0.062678 -0.054062    0.019448  \n",
       "cigsPerDay      -0.088523 -0.056473 -0.092888   0.075257 -0.056020    0.057646  \n",
       "BPMeds           0.254194  0.194122  0.100300   0.015230  0.049079    0.087519  \n",
       "prevalentStroke  0.057000  0.045153  0.024856  -0.017674  0.018065    0.061823  \n",
       "prevalentHyp     0.696656  0.615840  0.300599   0.146777  0.082757    0.177458  \n",
       "diabetes         0.111265  0.050260  0.086282   0.048986  0.605709    0.097344  \n",
       "totChol          0.207436  0.163423  0.115013   0.090678  0.044710    0.081807  \n",
       "sysBP            1.000000  0.783952  0.325172   0.182084  0.134561    0.216374  \n",
       "diaBP            0.783952  1.000000  0.376317   0.181012  0.058499    0.145112  \n",
       "BMI              0.325172  0.376317  1.000000   0.067318  0.082123    0.074788  \n",
       "heartRate        0.182084  0.181012  0.067318   1.000000  0.089386    0.022892  \n",
       "glucose          0.134561  0.058499  0.082123   0.089386  1.000000    0.120451  \n",
       "TenYearCHD       0.216374  0.145112  0.074788   0.022892  0.120451    1.000000  "
      ]
     },
     "execution_count": 9,
     "metadata": {},
     "output_type": "execute_result"
    }
   ],
   "source": [
    "df.corr()"
   ]
  },
  {
   "cell_type": "markdown",
   "id": "b7c0f828-c11a-4825-9f10-dd883e96e2bf",
   "metadata": {},
   "source": [
    "# Dropping the columns which are having very less correlation with 'TenYearCHD'"
   ]
  },
  {
   "cell_type": "code",
   "execution_count": 10,
   "id": "e1c00f5d-b8e4-45e1-a5ce-94c37a9b4216",
   "metadata": {},
   "outputs": [],
   "source": [
    "for i in df.columns:\n",
    "    corr = df['TenYearCHD'].corr(df[i])\n",
    "    if corr < 0.1:\n",
    "        df.drop(i,axis = 1,inplace=True)"
   ]
  },
  {
   "cell_type": "code",
   "execution_count": 11,
   "id": "7b572c2c-b162-45ca-a232-18ffd8b204c7",
   "metadata": {},
   "outputs": [
    {
     "data": {
      "text/html": [
       "<div>\n",
       "<style scoped>\n",
       "    .dataframe tbody tr th:only-of-type {\n",
       "        vertical-align: middle;\n",
       "    }\n",
       "\n",
       "    .dataframe tbody tr th {\n",
       "        vertical-align: top;\n",
       "    }\n",
       "\n",
       "    .dataframe thead th {\n",
       "        text-align: right;\n",
       "    }\n",
       "</style>\n",
       "<table border=\"1\" class=\"dataframe\">\n",
       "  <thead>\n",
       "    <tr style=\"text-align: right;\">\n",
       "      <th></th>\n",
       "      <th>age</th>\n",
       "      <th>prevalentHyp</th>\n",
       "      <th>sysBP</th>\n",
       "      <th>diaBP</th>\n",
       "      <th>glucose</th>\n",
       "      <th>TenYearCHD</th>\n",
       "    </tr>\n",
       "  </thead>\n",
       "  <tbody>\n",
       "    <tr>\n",
       "      <th>age</th>\n",
       "      <td>1.000000</td>\n",
       "      <td>0.306799</td>\n",
       "      <td>0.394053</td>\n",
       "      <td>0.205586</td>\n",
       "      <td>0.116951</td>\n",
       "      <td>0.225408</td>\n",
       "    </tr>\n",
       "    <tr>\n",
       "      <th>prevalentHyp</th>\n",
       "      <td>0.306799</td>\n",
