{
 "cells": [
  {
   "cell_type": "markdown",
   "id": "4274ab6e-99fe-4f43-8971-aa83d6a860fd",
   "metadata": {},
   "source": [
    "The Salary_Train and Salary_Test datasets contains Information about Salary of different Person.\n",
    "The Dataset Description as follows\n",
    "age -- age of a person\n",
    "workclass    -- A work class is a grouping of work \n",
    "education    -- Education of an individuals    \n",
    "maritalstatus -- Marital status of an individulas    \n",
    "occupation     -- occupation of an individuals\n",
    "relationship -- ralationship of an individual    \n",
    "race --  Race of an Individual\n",
    "sex --  Gender of an Individual\n",
    "capitalgain --  profit received from the sale of an investment    \n",
    "capitalloss    -- A decrease in the value of a capital asset\n",
    "hoursperweek -- number of hours work per week    \n",
    "native -- Native of an individual\n",
    "Salary -- salary of an individual\n",
    "Prepare following models to predict Salary:\n",
    "1. Logistic Regression\n",
    "2. Naive Bayes\n",
    "3. KNN\n",
    "4. SVM\n",
    "5. Decision Tree\n",
    "6. Random Forest\n",
    "7. Adaboost\n",
    "\n",
    "Calculate different evaluation metrics and select best model from them.\n",
    "\n",
    "Notes:\n",
    "1. Do Proper EDA.\n",
    "2. Build model without dropping any columns.\n",
    "\n",
    "Dataset:\n",
    "Salary_train.csv\n",
    "Salary_test.csv"
   ]
  },
  {
   "cell_type": "code",
   "execution_count": 1,
   "id": "e4469360-8e8a-4f1c-a398-6a41703f8cbb",
   "metadata": {},
   "outputs": [],
   "source": [
    "import warnings\n",
    "warnings.filterwarnings('ignore')"
   ]
  },
  {
   "cell_type": "markdown",
   "id": "ee90e0ee-a438-4ba5-a270-7308bf18e2d2",
   "metadata": {},
   "source": [
    "### Importing required Libraries"
   ]
  },
  {
   "cell_type": "code",
   "execution_count": 2,
   "id": "26ed53ad-bedf-4fb6-a388-b7f841eba7df",
   "metadata": {},
   "outputs": [],
   "source": [
    "import pandas as pd\n",
    "import numpy as np\n",
    "import seaborn as sns\n",
    "import matplotlib.pyplot as plt"
   ]
  },
  {
   "cell_type": "markdown",
   "id": "1b7adb77-efd2-43dc-8893-81bdc5e074a1",
   "metadata": {},
   "source": [
    "## Load the dataset"
   ]
  },
  {
   "cell_type": "code",
   "execution_count": null,
   "id": "22dae386-19bf-4ea7-afeb-eeecfccff0f0",
   "metadata": {},
   "outputs": [],
   "source": [
    "df_train = pd.read_csv(\"Salary_Train.csv\")\n",
    "df_test = pd.read_csv(\"Salary_Test.csv\")"
   ]
  },
  {
   "cell_type": "markdown",
   "id": "87f2a8d4-58db-4363-8d60-58cec6e48dbc",
   "metadata": {},
   "source": [
    "## EDA for training data"
   ]
  },
  {
   "cell_type": "code",
   "execution_count": 4,
   "id": "55bc2ea6-0c84-4637-9de5-d0520ef59326",
   "metadata": {},
   "outputs": [
    {
     "data": {
      "text/html": [
       "<div>\n",
       "<style scoped>\n",
       "    .dataframe tbody tr th:only-of-type {\n",
       "        vertical-align: middle;\n",
       "    }\n",
       "\n",
       "    .dataframe tbody tr th {\n",
       "        vertical-align: top;\n",
       "    }\n",
       "\n",
       "    .dataframe thead th {\n",
       "        text-align: right;\n",
       "    }\n",
       "</style>\n",
       "<table border=\"1\" class=\"dataframe\">\n",
       "  <thead>\n",
       "    <tr style=\"text-align: right;\">\n",
       "      <th></th>\n",
       "      <th>age</th>\n",
       "      <th>workclass</th>\n",
       "      <th>education</th>\n",
       "      <th>educationno</th>\n",
       "      <th>maritalstatus</th>\n",
       "      <th>occupation</th>\n",
       "      <th>relationship</th>\n",
       "      <th>race</th>\n",
       "      <th>sex</th>\n",
       "      <th>capitalgain</th>\n",
       "      <th>capitalloss</th>\n",
       "      <th>hoursperweek</th>\n",
       "      <th>native</th>\n",
       "      <th>Salary</th>\n",
       "    </tr>\n",
       "  </thead>\n",
       "  <tbody>\n",
       "    <tr>\n",
       "      <th>0</th>\n",
       "      <td>39</td>\n",
       "      <td>State-gov</td>\n",
       "      <td>Bachelors</td>\n",
       "      <td>13</td>\n",
       "      <td>Never-married</td>\n",
       "      <td>Adm-clerical</td>\n",
       "      <td>Not-in-family</td>\n",
       "      <td>White</td>\n",
       "      <td>Male</td>\n",
       "      <td>2174</td>\n",
       "      <td>0</td>\n",
       "      <td>40</td>\n",
       "      <td>United-States</td>\n",
       "      <td>&lt;=50K</td>\n",
       "    </tr>\n",
       "    <tr>\n",
       "      <th>1</th>\n",
       "      <td>50</td>\n",
       "      <td>Self-emp-not-inc</td>\n",
       "      <td>Bachelors</td>\n",
       "      <td>13</td>\n",
       "      <td>Married-civ-spouse</td>\n",
       "      <td>Exec-managerial</td>\n",
       "      <td>Husband</td>\n",
       "      <td>White</td>\n",
       "      <td>Male</td>\n",
       "      <td>0</td>\n",
       "      <td>0</td>\n",
       "      <td>13</td>\n",
       "      <td>United-States</td>\n",
       "      <td>&lt;=50K</td>\n",
       "    </tr>\n",
       "  </tbody>\n",
       "</table>\n",
       "</div>"
      ],
      "text/plain": [
       "   age          workclass   education  educationno        maritalstatus  \\\n",
       "0   39          State-gov   Bachelors           13        Never-married   \n",
       "1   50   Self-emp-not-inc   Bachelors           13   Married-civ-spouse   \n",
       "\n",
       "         occupation    relationship    race    sex  capitalgain  capitalloss  \\\n",
       "0      Adm-clerical   Not-in-family   White   Male         2174            0   \n",
       "1   Exec-managerial         Husband   White   Male            0            0   \n",
       "\n",
       "   hoursperweek          native  Salary  \n",
       "0            40   United-States   <=50K  \n",
       "1            13   United-States   <=50K  "
      ]
     },
     "execution_count": 4,
     "metadata": {},
     "output_type": "execute_result"
    }
   ],
   "source": [
    "df_train.head(2)"
   ]
  },
  {
   "cell_type": "code",
   "execution_count": 5,
   "id": "f19e5cea-b1a3-4b2e-8377-991c2bc7e944",
   "metadata": {},
   "outputs": [
    {
     "name": "stdout",
     "output_type": "stream",
     "text": [
      "<class 'pandas.core.frame.DataFrame'>\n",
      "RangeIndex: 30161 entries, 0 to 30160\n",
      "Data columns (total 14 columns):\n",
      " #   Column         Non-Null Count  Dtype \n",
      "---  ------         --------------  ----- \n",
      " 0   age            30161 non-null  int64 \n",
      " 1   workclass      30161 non-null  object\n",
      " 2   education      30161 non-null  object\n",
      " 3   educationno    30161 non-null  int64 \n",
      " 4   maritalstatus  30161 non-null  object\n",
      " 5   occupation     30161 non-null  object\n",
      " 6   relationship   30161 non-null  object\n",
      " 7   race           30161 non-null  object\n",
      " 8   sex            30161 non-null  object\n",
      " 9   capitalgain    30161 non-null  int64 \n",
      " 10  capitalloss    30161 non-null  int64 \n",
      " 11  hoursperweek   30161 non-null  int64 \n",
      " 12  native         30161 non-null  object\n",
      " 13  Salary         30161 non-null  object\n",
      "dtypes: int64(5), object(9)\n",
      "memory usage: 3.2+ MB\n"
     ]
    }
   ],
   "source": [
    "df_train.info()"
   ]
  },
  {
   "cell_type": "markdown",
   "id": "762f586d-bcd2-44f6-aff5-dbf7621a4bb9",
   "metadata": {},
   "source": [
    "### Converting categorical data into numeric data (Label Encoding)"
   ]
  },
  {
   "cell_type": "code",
   "execution_count": 6,
   "id": "9731b136-7951-4eaa-b713-c977e6822f40",
   "metadata": {},
   "outputs": [],
   "source": [
    "from sklearn.preprocessing import LabelEncoder\n",
    "for i in df_train.columns:\n",
    "    if df_train[i].dtype == object :\n",
    "        df_train[i] = LabelEncoder().fit_transform(df_train[i])"
   ]
  },
  {
   "cell_type": "code",
   "execution_count": 7,
   "id": "5d819b31-f302-41b8-b676-654294767164",
   "metadata": {},
   "outputs": [
    {
     "name": "stdout",
     "output_type": "stream",
     "text": [
      "<class 'pandas.core.frame.DataFrame'>\n",
      "RangeIndex: 30161 entries, 0 to 30160\n",
      "Data columns (total 14 columns):\n",
      " #   Column         Non-Null Count  Dtype\n",
      "---  ------         --------------  -----\n",
      " 0   age            30161 non-null  int64\n",
      " 1   workclass      30161 non-null  int64\n",
      " 2   education      30161 non-null  int64\n",
      " 3   educationno    30161 non-null  int64\n",
      " 4   maritalstatus  30161 non-null  int64\n",
      " 5   occupation     30161 non-null  int64\n",
      " 6   relationship   30161 non-null  int64\n",
      " 7   race           30161 non-null  int64\n",
      " 8   sex            30161 non-null  int64\n",
      " 9   capitalgain    30161 non-null  int64\n",
      " 10  capitalloss    30161 non-null  int64\n",
      " 11  hoursperweek   30161 non-null  int64\n",
      " 12  native         30161 non-null  int64\n",
      " 13  Salary         30161 non-null  int64\n",
      "dtypes: int64(14)\n",
      "memory usage: 3.2 MB\n"
     ]
    }
   ],
   "source": [
    "df_train.info()"
   ]
  },
  {
   "cell_type": "code",
   "execution_count": 8,
   "id": "c549e79d-a125-4ac4-9ee7-0f8a9b17f0db",
   "metadata": {},
   "outputs": [
    {
     "data": {
      "text/html": [
       "<div>\n",
       "<style scoped>\n",
       "    .dataframe tbody tr th:only-of-type {\n",
       "        vertical-align: middle;\n",
       "    }\n",
       "\n",
       "    .dataframe tbody tr th {\n",
       "        vertical-align: top;\n",
       "    }\n",
       "\n",
       "    .dataframe thead th {\n",
       "        text-align: right;\n",
       "    }\n",
       "</style>\n",
       "<table border=\"1\" class=\"dataframe\">\n",
       "  <thead>\n",
       "    <tr style=\"text-align: right;\">\n",
       "      <th></th>\n",
       "      <th>age</th>\n",
       "      <th>workclass</th>\n",
       "      <th>education</th>\n",
       "      <th>educationno</th>\n",
       "      <th>maritalstatus</th>\n",
       "      <th>occupation</th>\n",
       "      <th>relationship</th>\n",
       "      <th>race</th>\n",
       "      <th>sex</th>\n",
       "      <th>capitalgain</th>\n",
       "      <th>capitalloss</th>\n",
       "      <th>hoursperweek</th>\n",
       "      <th>native</th>\n",
       "      <th>Salary</th>\n",
       "    </tr>\n",
       "  </thead>\n",
       "  <tbody>\n",
       "    <tr>\n",
       "      <th>age</th>\n",
       "      <td>1.000000</td>\n",
       "      <td>0.080537</td>\n",
       "      <td>-0.001091</td>\n",
       "      <td>0.043525</td>\n",
       "      <td>-0.276363</td>\n",
       "      <td>-0.005682</td>\n",
       "      <td>-0.246452</td>\n",
       "      <td>0.023380</td>\n",
       "      <td>0.081972</td>\n",
       "      <td>0.080152</td>\n",
       "      <td>0.060278</td>\n",
       "      <td>0.101598</td>\n",
       "      <td>-0.001548</td>\n",
       "      <td>0.241991</td>\n",
       "    </tr>\n",
       "    <tr>\n",
       "      <th>workclass</th>\n",
       "      <td>0.080537</td>\n",
       "      <td>1.000000</td>\n",
       "      <td>0.017864</td>\n",
       "      <td>0.037833</td>\n",
       "      <td>-0.034235</td>\n",
       "      <td>0.015572</td>\n",
       "      <td>-0.067414</td>\n",
       "      <td>0.044734</td>\n",
       "      <td>0.074966</td>\n",
       "      <td>0.035349</td>\n",
       "      <td>0.007244</td>\n",
       "      <td>0.050723</td>\n",
       "      <td>0.007598</td>\n",
       "      <td>0.018040</td>\n",
       "    </tr>\n",
       "    <tr>\n",
       "      <th>education</th>\n",
       "      <td>-0.001091</td>\n",
       "      <td>0.017864</td>\n",
       "      <td>1.000000</td>\n",
       "      <td>0.345420</td>\n",
       "      <td>-0.040704</td>\n",
       "      <td>-0.038213</td>\n",
       "      <td>-0.012732</td>\n",
       "      <td>0.011139</td>\n",
       "      <td>-0.027831</td>\n",
       "      <td>0.030582</td>\n",
       "      <td>0.014822</td>\n",
       "      <td>0.059892</td>\n",
       "      <td>0.079715</td>\n",
       "      <td>0.079013</td>\n",
       "    </tr>\n",
       "    <tr>\n",
       "      <th>educationno</th>\n",
       "      <td>0.043525</td>\n",
       "      <td>0.037833</td>\n",
       "      <td>0.345420</td>\n",
       "      <td>1.000000</td>\n",
       "      <td>-0.063419</td>\n",
       "      <td>0.087717</td>\n",
       "      <td>-0.091935</td>\n",
       "      <td>0.032805</td>\n",
       "      <td>0.006155</td>\n",
       "      <td>0.124416</td>\n",
       "      <td>0.079691</td>\n",
       "      <td>0.152522</td>\n",
       "      <td>0.092625</td>\n",
       "      <td>0.335287</td>\n",
       "    </tr>\n",
       "    <tr>\n",
       "      <th>maritalstatus</th>\n",
       "      <td>-0.276363</td>\n",
       "      <td>-0.034235</td>\n",
       "      <td>-0.040704</td>\n",
       "      <td>-0.063419</td>\n",
       "      <td>1.000000</td>\n",
       "      <td>0.022655</td>\n",
       "      <td>0.177955</td>\n",
       "      <td>-0.068641</td>\n",
       "      <td>-0.119774</td>\n",
       "      <td>-0.042414</td>\n",
       "      <td>-0.035385</td>\n",
       "      <td>-0.189004</td>\n",
       "      <td>-0.026057</td>\n",
       "      <td>-0.193504</td>\n",
       "    </tr>\n",
       "    <tr>\n",
       "      <th>occupation</th>\n",
       "      <td>-0.005682</td>\n",
       "      <td>0.015572</td>\n",
       "      <td>-0.038213</td>\n",
       "      <td>0.087717</td>\n",
       "      <td>0.022655</td>\n",
       "      <td>1.000000</td>\n",
       "      <td>-0.053727</td>\n",
       "      <td>0.000717</td>\n",
       "      <td>0.062316</td>\n",
       "      <td>0.022162</td>\n",
       "      <td>0.014612</td>\n",
       "      <td>0.018365</td>\n",
       "      <td>-0.003298</td>\n",
       "      <td>0.051577</td>\n",
       "    </tr>\n",
       "    <tr>\n",
       "      <th>relationship</th>\n",
       "      <td>-0.246452</td>\n",
       "      <td>-0.067414</td>\n",
       "      <td>-0.012732</td>\n",
       "      <td>-0.091935</td>\n",
       "      <td>0.177955</td>\n",
       "      <td>-0.053727</td>\n",
       "      <td>1.000000</td>\n",
       "      <td>-0.117148</td>\n",
       "      <td>-0.584881</td>\n",
       "      <td>-0.058257</td>\n",
       "      <td>-0.063659</td>\n",
       "      <td>-0.257850</td>\n",
       "      <td>-0.010661</td>\n",
       "      <td>-0.250998</td>\n",
       "    </tr>\n",
       "    <tr>\n",
       "      <th>race</th>\n",
       "      <td>0.023380</td>\n",
       "      <td>0.044734</td>\n",
       "      <td>0.011139</td>\n",
       "      <td>0.032805</td>\n",
       "      <td>-0.068641</td>\n",
       "      <td>0.000717</td>\n",
       "      <td>-0.117148</td>\n",
       "      <td>1.000000</td>\n",
       "      <td>0.089207</td>\n",
       "      <td>0.014355</td>\n",
       "      <td>0.023461</td>\n",
       "      <td>0.048533</td>\n",
       "      <td>0.126507</td>\n",
       "      <td>0.071666</td>\n",
       "    </tr>\n",
       "    <tr>\n",
       "      <th>sex</th>\n",
       "      <td>0.081972</td>\n",
       "      <td>0.074966</td>\n",
       "      <td>-0.027831</td>\n",
       "      <td>0.006155</td>\n",
       "      <td>-0.119774</td>\n",
       "      <td>0.062316</td>\n",
       "      <td>-0.584881</td>\n",
       "      <td>0.089207</td>\n",
       "      <td>1.000000</td>\n",
       "      <td>0.048809</td>\n",
       "      <td>0.047285</td>\n",
       "      <td>0.231272</td>\n",
       "      <td>0.000063</td>\n",
       "      <td>0.216680</td>\n",
       "    </tr>\n",
       "    <tr>\n",
       "      <th>capitalgain</th>\n",
       "      <td>0.080152</td>\n",
       "      <td>0.035349</td>\n",
       "      <td>0.030582</td>\n",
       "      <td>0.124416</td>\n",
       "      <td>-0.042414</td>\n",
       "      <td>0.022162</td>\n",
       "      <td>-0.058257</td>\n",
       "      <td>0.014355</td>\n",
       "      <td>0.048809</td>\n",
       "      <td>1.000000</td>\n",
       "      <td>-0.032218</td>\n",
       "      <td>0.080431</td>\n",
       "      <td>0.008513</td>\n",
       "      <td>0.221195</td>\n",
       "    </tr>\n",
       "    <tr>\n",
       "      <th>capitalloss</th>\n",
       "      <td>0.060278</td>\n",
       "      <td>0.007244</td>\n",
       "      <td>0.014822</td>\n",
       "      <td>0.079691</td>\n",
       "      <td>-0.035385</td>\n",
       "      <td>0.014612</td>\n",
       "      <td>-0.063659</td>\n",
       "      <td>0.023461</td>\n",
       "      <td>0.047285</td>\n",
       "      <td>-0.032218</td>\n",
       "      <td>1.000000</td>\n",
       "      <td>0.052454</td>\n",
       "      <td>0.010193</td>\n",
       "      <td>0.150222</td>\n",
       "    </tr>\n",
       "    <tr>\n",
       "      <th>hoursperweek</th>\n",
       "      <td>0.101598</td>\n",
       "      <td>0.050723</td>\n",
       "      <td>0.059892</td>\n",
       "      <td>0.152522</td>\n",
       "      <td>-0.189004</td>\n",
       "      <td>0.018365</td>\n",
       "      <td>-0.257850</td>\n",
       "      <td>0.048533</td>\n",
       "      <td>0.231272</td>\n",
       "      <td>0.080431</td>\n",
       "      <td>0.052454</td>\n",
       "      <td>1.000000</td>\n",
       "      <td>0.008429</td>\n",
       "      <td>0.229480</td>\n",
       "    </tr>\n",
       "    <tr>\n",
       "      <th>native</th>\n",
       "      <td>-0.001548</td>\n",
       "      <td>0.007598</td>\n",
       "      <td>0.079715</td>\n",
       "      <td>0.092625</td>\n",
       "      <td>-0.026057</td>\n",
       "      <td>-0.003298</td>\n",
       "      <td>-0.010661</td>\n",
       "      <td>0.126507</td>\n",
       "      <td>0.000063</td>\n",
       "      <td>0.008513</td>\n",
       "      <td>0.010193</td>\n",
       "      <td>0.008429</td>\n",
       "      <td>1.000000</td>\n",
       "      <td>0.023515</td>\n",
       "    </tr>\n",
       "    <tr>\n",
       "      <th>Salary</th>\n",
       "      <td>0.241991</td>\n",
       "      <td>0.018040</td>\n",
       "      <td>0.079013</td>\n",
       "      <td>0.335287</td>\n",
       "      <td>-0.193504</td>\n",
       "      <td>0.051577</td>\n",
       "      <td>-0.250998</td>\n",
       "      <td>0.071666</td>\n",
       "      <td>0.216680</td>\n",
       "      <td>0.221195</td>\n",
       "      <td>0.150222</td>\n",
       "      <td>0.229480</td>\n",
       "      <td>0.023515</td>\n",
       "      <td>1.000000</td>\n",
       "    </tr>\n",
       "  </tbody>\n",
       "</table>\n",
       "</div>"
      ],
      "text/plain": [
       "                    age  workclass  education  educationno  maritalstatus  \\\n",
       "age            1.000000   0.080537  -0.001091     0.043525      -0.276363   \n",
       "workclass      0.080537   1.000000   0.017864     0.037833      -0.034235   \n",
       "education     -0.001091   0.017864   1.000000     0.345420      -0.040704   \n",
       "educationno    0.043525   0.037833   0.345420     1.000000      -0.063419   \n",
       "maritalstatus -0.276363  -0.034235  -0.040704    -0.063419       1.000000   \n",
       "occupation    -0.005682   0.015572  -0.038213     0.087717       0.022655   \n",
       "relationship  -0.246452  -0.067414  -0.012732    -0.091935       0.177955   \n",
       "race           0.023380   0.044734   0.011139     0.032805      -0.068641   \n",
       "sex            0.081972   0.074966  -0.027831     0.006155      -0.119774   \n",
       "capitalgain    0.080152   0.035349   0.030582     0.124416      -0.042414   \n",
       "capitalloss    0.060278   0.007244   0.014822     0.079691      -0.035385   \n",
       "hoursperweek   0.101598   0.050723   0.059892     0.152522      -0.189004   \n",
       "native        -0.001548   0.007598   0.079715     0.092625      -0.026057   \n",
       "Salary         0.241991   0.018040   0.079013     0.335287      -0.193504   \n",
       "\n",
       "               occupation  relationship      race       sex  capitalgain  \\\n",
       "age             -0.005682     -0.246452  0.023380  0.081972     0.080152   \n",
       "workclass        0.015572     -0.067414  0.044734  0.074966     0.035349   \n",
       "education       -0.038213     -0.012732  0.011139 -0.027831     0.030582   \n",
       "educationno      0.087717     -0.091935  0.032805  0.006155     0.124416   \n",
       "maritalstatus    0.022655      0.177955 -0.068641 -0.119774    -0.042414   \n",
       "occupation       1.000000     -0.053727  0.000717  0.062316     0.022162   \n",
       "relationship    -0.053727      1.000000 -0.117148 -0.584881    -0.058257   \n",
       "race             0.000717     -0.117148  1.000000  0.089207     0.014355   \n",
       "sex              0.062316     -0.584881  0.089207  1.000000     0.048809   \n",
       "capitalgain      0.022162     -0.058257  0.014355  0.048809     1.000000   \n",
       "capitalloss      0.014612     -0.063659  0.023461  0.047285    -0.032218   \n",
       "hoursperweek     0.018365     -0.257850  0.048533  0.231272     0.080431   \n",
       "native          -0.003298     -0.010661  0.126507  0.000063     0.008513   \n",
       "Salary           0.051577     -0.250998  0.071666  0.216680     0.221195   \n",
       "\n",
       "               capitalloss  hoursperweek    native    Salary  \n",
       "age               0.060278      0.101598 -0.001548  0.241991  \n",
       "workclass         0.007244      0.050723  0.007598  0.018040  \n",
       "education         0.014822      0.059892  0.079715  0.079013  \n",
       "educationno       0.079691      0.152522  0.092625  0.335287  \n",
       "maritalstatus    -0.035385     -0.189004 -0.026057 -0.193504  \n",
       "occupation        0.014612      0.018365 -0.003298  0.051577  \n",
       "relationship     -0.063659     -0.257850 -0.010661 -0.250998  \n",
       "race              0.023461      0.048533  0.126507  0.071666  \n",
       "sex               0.047285      0.231272  0.000063  0.216680  \n",
       "capitalgain      -0.032218      0.080431  0.008513  0.221195  \n",
       "capitalloss       1.000000      0.052454  0.010193  0.150222  \n",
       "hoursperweek      0.052454      1.000000  0.008429  0.229480  \n",
       "native            0.010193      0.008429  1.000000  0.023515  \n",
       "Salary            0.150222      0.229480  0.023515  1.000000  "
      ]
     },
     "execution_count": 8,
     "metadata": {},
     "output_type": "execute_result"
    }
   ],
   "source": [
    "df_train.corr()"
   ]
  },
  {
   "cell_type": "markdown",
   "id": "ae6f94bb-a1a3-4de5-80a6-fd1288c0b33e",
   "metadata": {},
   "source": [
    "### Removing the columns which are having correlation < 0.1 or correlation > -0.1"
   ]
  },
  {
   "cell_type": "code",
   "execution_count": 9,
   "id": "2f1ee38e-1882-4114-bc49-0c73dcbcc887",
   "metadata": {},
   "outputs": [],
   "source": [
    "# for i in df_train.columns:\n",
    "#     corr = df_train['Salary'].corr(df_train[i])\n",
    "#     if corr >= -0.1 and corr <= 0.1:\n",
    "#         df_train.drop(i,axis=1,inplace = True)"
   ]
  },
  {
   "cell_type": "code",
   "execution_count": 10,
   "id": "e4ae0e78-4ea6-4a06-815b-e6b4d2e83e0a",
   "metadata": {},
   "outputs": [
    {
     "data": {
      "text/html": [
       "<div>\n",
       "<style scoped>\n",
       "    .dataframe tbody tr th:only-of-type {\n",
       "        vertical-align: middle;\n",
       "    }\n",
       "\n",
       "    .dataframe tbody tr th {\n",
       "        vertical-align: top;\n",
       "    }\n",
       "\n",
       "    .dataframe thead th {\n",
       "        text-align: right;\n",
       "    }\n",
       "</style>\n",
       "<table border=\"1\" class=\"dataframe\">\n",
       "  <thead>\n",
       "    <tr style=\"text-align: right;\">\n",
       "      <th></th>\n",
       "      <th>age</th>\n",
       "      <th>workclass</th>\n",
       "      <th>education</th>\n",
       "      <th>educationno</th>\n",
       "      <th>maritalstatus</th>\n",
       "      <th>occupation</th>\n",
       "      <th>relationship</th>\n",
       "      <th>race</th>\n",
       "      <th>sex</th>\n",
       "      <th>capitalgain</th>\n",
       "      <th>capitalloss</th>\n",
       "      <th>hoursperweek</th>\n",
       "      <th>native</th>\n",
       "      <th>Salary</th>\n",
       "    </tr>\n",
       "  </thead>\n",
       "  <tbody>\n",
       "    <tr>\n",
       "      <th>0</th>\n",
       "      <td>39</td>\n",
       "      <td>5</td>\n",
       "      <td>9</td>\n",
       "      <td>13</td>\n",
       "      <td>4</td>\n",
       "      <td>0</td>\n",
       "      <td>1</td>\n",
       "      <td>4</td>\n",
       "      <td>1</td>\n",
       "      <td>2174</td>\n",
       "      <td>0</td>\n",
       "      <td>40</td>\n",
       "      <td>37</td>\n",
       "      <td>0</td>\n",
       "    </tr>\n",
       "    <tr>\n",
       "      <th>1</th>\n",
       "      <td>50</td>\n",
       "      <td>4</td>\n",
       "      <td>9</td>\n",
       "      <td>13</td>\n",
       "      <td>2</td>\n",
       "      <td>3</td>\n",
       "      <td>0</td>\n",
       "      <td>4</td>\n",
       "      <td>1</td>\n",
       "      <td>0</td>\n",
       "      <td>0</td>\n",
       "      <td>13</td>\n",
       "      <td>37</td>\n",
       "      <td>0</td>\n",
       "    </tr>\n",
       "  </tbody>\n",
       "</table>\n",
       "</div>"
      ],
      "text/plain": [
       "   age  workclass  education  educationno  maritalstatus  occupation  \\\n",
       "0   39          5          9           13              4           0   \n",
       "1   50          4          9           13              2           3   \n",
       "\n",
       "   relationship  race  sex  capitalgain  capitalloss  hoursperweek  native  \\\n",
       "0             1     4    1         2174            0            40      37   \n",
       "1             0     4    1            0            0            13      37   \n",
       "\n",
       "   Salary  \n",
       "0       0  \n",
       "1       0  "
      ]
     },
     "execution_count": 10,
     "metadata": {},
     "output_type": "execute_result"
    }
   ],
   "source": [
    "df_train.head(2)"
   ]
  },
  {
   "cell_type": "code",
   "execution_count": 11,
   "id": "52c4f2a2-30fc-4504-b36d-5bb98d395eef",
   "metadata": {},
   "outputs": [
    {
     "data": {
      "text/html": [
       "<div>\n",
       "<style scoped>\n",
       "    .dataframe tbody tr th:only-of-type {\n",
       "        vertical-align: middle;\n",
       "    }\n",
       "\n",
       "    .dataframe tbody tr th {\n",
       "        vertical-align: top;\n",
       "    }\n",
       "\n",
       "    .dataframe thead th {\n",
       "        text-align: right;\n",
       "    }\n",
       "</style>\n",
       "<table border=\"1\" class=\"dataframe\">\n",
       "  <thead>\n",
       "    <tr style=\"text-align: right;\">\n",
       "      <th></th>\n",
       "      <th>age</th>\n",
       "      <th>workclass</th>\n",
       "      <th>education</th>\n",
       "      <th>educationno</th>\n",
       "      <th>maritalstatus</th>\n",
       "      <th>occupation</th>\n",
       "      <th>relationship</th>\n",
       "      <th>race</th>\n",
       "      <th>sex</th>\n",
       "      <th>capitalgain</th>\n",
       "      <th>capitalloss</th>\n",
       "      <th>hoursperweek</th>\n",
       "      <th>native</th>\n",
       "      <th>Salary</th>\n",
       "    </tr>\n",
       "  </thead>\n",
       "  <tbody>\n",
       "    <tr>\n",
       "      <th>age</th>\n",
       "      <td>1.000000</td>\n",
       "      <td>0.080537</td>\n",
       "      <td>-0.001091</td>\n",
       "      <td>0.043525</td>\n",
       "      <td>-0.276363</td>\n",
       "      <td>-0.005682</td>\n",
       "      <td>-0.246452</td>\n",
       "      <td>0.023380</td>\n",
       "      <td>0.081972</td>\n",
       "      <td>0.080152</td>\n",
       "      <td>0.060278</td>\n",
       "      <td>0.101598</td>\n",
       "      <td>-0.001548</td>\n",
       "      <td>0.241991</td>\n",
       "    </tr>\n",
       "    <tr>\n",
       "      <th>workclass</th>\n",
       "      <td>0.080537</td>\n",
       "      <td>1.000000</td>\n",
       "      <td>0.017864</td>\n",
       "      <td>0.037833</td>\n",
       "      <td>-0.034235</td>\n",
       "      <td>0.015572</td>\n",
       "      <td>-0.067414</td>\n",
       "      <td>0.044734</td>\n",
       "      <td>0.074966</td>\n",
       "      <td>0.035349</td>\n",
       "      <td>0.007244</td>\n",
       "      <td>0.050723</td>\n",
       "      <td>0.007598</td>\n",
       "      <td>0.018040</td>\n",
       "    </tr>\n",
       "    <tr>\n",
       "      <th>education</th>\n",
       "      <td>-0.001091</td>\n",
       "      <td>0.017864</td>\n",
       "      <td>1.000000</td>\n",
       "      <td>0.345420</td>\n",
       "      <td>-0.040704</td>\n",
       "      <td>-0.038213</td>\n",
       "      <td>-0.012732</td>\n",
       "      <td>0.011139</td>\n",
       "      <td>-0.027831</td>\n",
       "      <td>0.030582</td>\n",
       "      <td>0.014822</td>\n",
       "      <td>0.059892</td>\n",
       "      <td>0.079715</td>\n",
       "      <td>0.079013</td>\n",
       "    </tr>\n",
       "    <tr>\n",
       "      <th>educationno</th>\n",
       "      <td>0.043525</td>\n",
       "      <td>0.037833</td>\n",
       "      <td>0.345420</td>\n",
       "      <td>1.000000</td>\n",
       "      <td>-0.063419</td>\n",
       "      <td>0.087717</td>\n",
       "      <td>-0.091935</td>\n",
       "      <td>0.032805</td>\n",
       "      <td>0.006155</td>\n",
       "      <td>0.124416</td>\n",
       "      <td>0.079691</td>\n",
       "      <td>0.152522</td>\n",
       "      <td>0.092625</td>\n",
       "      <td>0.335287</td>\n",
       "    </tr>\n",
       "    <tr>\n",
       "      <th>maritalstatus</th>\n",
       "      <td>-0.276363</td>\n",
       "      <td>-0.034235</td>\n",
       "      <td>-0.040704</td>\n",
       "      <td>-0.063419</td>\n",
       "      <td>1.000000</td>\n",
       "      <td>0.022655</td>\n",
       "      <td>0.177955</td>\n",
       "      <td>-0.068641</td>\n",
       "      <td>-0.119774</td>\n",
       "      <td>-0.042414</td>\n",
       "      <td>-0.035385</td>\n",
       "      <td>-0.189004</td>\n",
       "      <td>-0.026057</td>\n",
       "      <td>-0.193504</td>\n",
       "    </tr>\n",
       "    <tr>\n",
       "      <th>occupation</th>\n",
       "      <td>-0.005682</td>\n",
       "      <td>0.015572</td>\n",
       "      <td>-0.038213</td>\n",
       "      <td>0.087717</td>\n",
       "      <td>0.022655</td>\n",
       "      <td>1.000000</td>\n",
       "      <td>-0.053727</td>\n",
       "      <td>0.000717</td>\n",
       "      <td>0.062316</td>\n",
       "      <td>0.022162</td>\n",
       "      <td>0.014612</td>\n",
       "      <td>0.018365</td>\n",
       "      <td>-0.003298</td>\n",
       "      <td>0.051577</td>\n",
       "    </tr>\n",
       "    <tr>\n",
       "      <th>relationship</th>\n",
       "      <td>-0.246452</td>\n",
       "      <td>-0.067414</td>\n",
       "      <td>-0.012732</td>\n",
       "      <td>-0.091935</td>\n",
       "      <td>0.177955</td>\n",
       "      <td>-0.053727</td>\n",
       "      <td>1.000000</td>\n",
       "      <td>-0.117148</td>\n",
       "      <td>-0.584881</td>\n",
       "      <td>-0.058257</td>\n",
       "      <td>-0.063659</td>\n",
       "      <td>-0.257850</td>\n",
       "      <td>-0.010661</td>\n",
       "      <td>-0.250998</td>\n",
       "    </tr>\n",
       "    <tr>\n",
       "      <th>race</th>\n",
       "      <td>0.023380</td>\n",
       "      <td>0.044734</td>\n",
       "      <td>0.011139</td>\n",
       "      <td>0.032805</td>\n",
       "      <td>-0.068641</td>\n",
       "      <td>0.000717</td>\n",
       "      <td>-0.117148</td>\n",
       "      <td>1.000000</td>\n",
       "      <td>0.089207</td>\n",
       "      <td>0.014355</td>\n",
       "      <td>0.023461</td>\n",
       "      <td>0.048533</td>\n",
       "      <td>0.126507</td>\n",
       "      <td>0.071666</td>\n",
       "    </tr>\n",
       "    <tr>\n",
       "      <th>sex</th>\n",
       "      <td>0.081972</td>\n",
       "      <td>0.074966</td>\n",
       "      <td>-0.027831</td>\n",
       "      <td>0.006155</td>\n",
       "      <td>-0.119774</td>\n",
       "      <td>0.062316</td>\n",
       "      <td>-0.584881</td>\n",
       "      <td>0.089207</td>\n",
       "      <td>1.000000</td>\n",
       "      <td>0.048809</td>\n",
       "      <td>0.047285</td>\n",
       "      <td>0.231272</td>\n",
       "      <td>0.000063</td>\n",
       "      <td>0.216680</td>\n",
       "    </tr>\n",
       "    <tr>\n",
       "      <th>capitalgain</th>\n",
       "      <td>0.080152</td>\n",
       "      <td>0.035349</td>\n",
       "      <td>0.030582</td>\n",
       "      <td>0.124416</td>\n",
       "      <td>-0.042414</td>\n",
       "      <td>0.022162</td>\n",
       "      <td>-0.058257</td>\n",
       "      <td>0.014355</td>\n",
       "      <td>0.048809</td>\n",
       "      <td>1.000000</td>\n",
       "      <td>-0.032218</td>\n",
       "      <td>0.080431</td>\n",
       "      <td>0.008513</td>\n",
       "      <td>0.221195</td>\n",
       "    </tr>\n",
       "    <tr>\n",
       "      <th>capitalloss</th>\n",
       "      <td>0.060278</td>\n",
       "      <td>0.007244</td>\n",
       "      <td>0.014822</td>\n",
       "      <td>0.079691</td>\n",
       "      <td>-0.035385</td>\n",
       "      <td>0.014612</td>\n",
       "      <td>-0.063659</td>\n",
       "      <td>0.023461</td>\n",
       "      <td>0.047285</td>\n",
       "      <td>-0.032218</td>\n",
       "      <td>1.000000</td>\n",
       "      <td>0.052454</td>\n",
       "      <td>0.010193</td>\n",
       "      <td>0.150222</td>\n",
       "    </tr>\n",
       "    <tr>\n",
       "      <th>hoursperweek</th>\n",
       "      <td>0.101598</td>\n",
       "      <td>0.050723</td>\n",
       "      <td>0.059892</td>\n",
       "      <td>0.152522</td>\n",
       "      <td>-0.189004</td>\n",
       "      <td>0.018365</td>\n",
       "      <td>-0.257850</td>\n",
       "      <td>0.048533</td>\n",
       "      <td>0.231272</td>\n",
       "      <td>0.080431</td>\n",
       "      <td>0.052454</td>\n",
       "      <td>1.000000</td>\n",
       "      <td>0.008429</td>\n",
       "      <td>0.229480</td>\n",
       "    </tr>\n",
       "    <tr>\n",
       "      <th>native</th>\n",
       "      <td>-0.001548</td>\n",
       "      <td>0.007598</td>\n",
       "      <td>0.079715</td>\n",
       "      <td>0.092625</td>\n",
       "      <td>-0.026057</td>\n",
       "      <td>-0.003298</td>\n",
       "      <td>-0.010661</td>\n",
       "      <td>0.126507</td>\n",
       "      <td>0.000063</td>\n",
       "      <td>0.008513</td>\n",
       "      <td>0.010193</td>\n",
       "      <td>0.008429</td>\n",
       "      <td>1.000000</td>\n",
       "      <td>0.023515</td>\n",
       "    </tr>\n",
       "    <tr>\n",
       "      <th>Salary</th>\n",
       "      <td>0.241991</td>\n",
       "      <td>0.018040</td>\n",
       "      <td>0.079013</td>\n",
       "      <td>0.335287</td>\n",
       "      <td>-0.193504</td>\n",
       "      <td>0.051577</td>\n",
       "      <td>-0.250998</td>\n",
       "      <td>0.071666</td>\n",
       "      <td>0.216680</td>\n",
       "      <td>0.221195</td>\n",
       "      <td>0.150222</td>\n",
       "      <td>0.229480</td>\n",
       "      <td>0.023515</td>\n",
       "      <td>1.000000</td>\n",
       "    </tr>\n",
       "  </tbody>\n",
       "</table>\n",
       "</div>"
      ],
      "text/plain": [
       "                    age  workclass  education  educationno  maritalstatus  \\\n",
       "age            1.000000   0.080537  -0.001091     0.043525      -0.276363   \n",
       "workclass      0.080537   1.000000   0.017864     0.037833      -0.034235   \n",
       "education     -0.001091   0.017864   1.000000     0.345420      -0.040704   \n",
       "educationno    0.043525   0.037833   0.345420     1.000000      -0.063419   \n",
       "maritalstatus -0.276363  -0.034235  -0.040704    -0.063419       1.000000   \n",
       "occupation    -0.005682   0.015572  -0.038213     0.087717       0.022655   \n",
       "relationship  -0.246452  -0.067414  -0.012732    -0.091935       0.177955   \n",
       "race           0.023380   0.044734   0.011139     0.032805      -0.068641   \n",
       "sex            0.081972   0.074966  -0.027831     0.006155      -0.119774   \n",
       "capitalgain    0.080152   0.035349   0.030582     0.124416      -0.042414   \n",
       "capitalloss    0.060278   0.007244   0.014822     0.079691      -0.035385   \n",
       "hoursperweek   0.101598   0.050723   0.059892     0.152522      -0.189004   \n",
       "native        -0.001548   0.007598   0.079715     0.092625      -0.026057   \n",
       "Salary         0.241991   0.018040   0.079013     0.335287      -0.193504   \n",
       "\n",
       "               occupation  relationship      race       sex  capitalgain  \\\n",
       "age             -0.005682     -0.246452  0.023380  0.081972     0.080152   \n",
       "workclass        0.015572     -0.067414  0.044734  0.074966     0.035349   \n",
       "education       -0.038213     -0.012732  0.011139 -0.027831     0.030582   \n",
       "educationno      0.087717     -0.091935  0.032805  0.006155     0.124416   \n",
       "maritalstatus    0.022655      0.177955 -0.068641 -0.119774    -0.042414   \n",
       "occupation       1.000000     -0.053727  0.000717  0.062316     0.022162   \n",
       "relationship    -0.053727      1.000000 -0.117148 -0.584881    -0.058257   \n",
       "race             0.000717     -0.117148  1.000000  0.089207     0.014355   \n",
       "sex              0.062316     -0.584881  0.089207  1.000000     0.048809   \n",
       "capitalgain      0.022162     -0.058257  0.014355  0.048809     1.000000   \n",
       "capitalloss      0.014612     -0.063659  0.023461  0.047285    -0.032218   \n",
       "hoursperweek     0.018365     -0.257850  0.048533  0.231272     0.080431   \n",
       "native          -0.003298     -0.010661  0.126507  0.000063     0.008513   \n",
       "Salary           0.051577     -0.250998  0.071666  0.216680     0.221195   \n",
       "\n",
       "               capitalloss  hoursperweek    native    Salary  \n",
       "age               0.060278      0.101598 -0.001548  0.241991  \n",
       "workclass         0.007244      0.050723  0.007598  0.018040  \n",
       "education         0.014822      0.059892  0.079715  0.079013  \n",
       "educationno       0.079691      0.152522  0.092625  0.335287  \n",
       "maritalstatus    -0.035385     -0.189004 -0.026057 -0.193504  \n",
       "occupation        0.014612      0.018365 -0.003298  0.051577  \n",
       "relationship     -0.063659     -0.257850 -0.010661 -0.250998  \n",
       "race              0.023461      0.048533  0.126507  0.071666  \n",
       "sex               0.047285      0.231272  0.000063  0.216680  \n",
       "capitalgain      -0.032218      0.080431  0.008513  0.221195  \n",
       "capitalloss       1.000000      0.052454  0.010193  0.150222  \n",
